632005400004001300000000567000273005021406080000510000060030900048050002100029800
300800700007052010900006340030020050000935000020070090094100006060240800003007009
705000309004302700080900600026510970000080060053070000000730080000004000001620007
700540000000390100030010940040700508007000010002001090084030000000000600000250300
000430000630010009000009503008003100410796085007800600106900000900020016000068000
000007000000860300400190000000300580070000409091000600200000005084002900009005000
070620501000003072000040600020100040106000708090002060002030000940200000703014090
000700490000930052000420601010060040008010900090070020407052000980043000035007000
047000302900000000238960007100079000005000200000850009800026951000000006509000820
800045009002030000000901002501004000028603740000100508300502000000070600200460003
000005603800001070000070014020000758500823009981000060170090000050300007309700000
270009080500000004000003050005600070009000500080000002003080907100200006000400000
517600034289004000346205090602000010038006047000000000090000078703400560000000000
105702638200006005063840210059201380002058009710030502004560720500004063326107004
850002400720000009004000000000107002305000900040000000000080070017000000000036040
005300000800000020070010500400005300010070006003200080060500009004000030000009700